with_mask 0.84 27 119 42 137
with_mask 0.71 320 124 339 143
with_mask 0.66 113 102 122 111
with_mask 0.66 44 112 55 124
with_mask 0.61 89 102 99 114
with_mask 0.53 91 134 137 183
with_mask 0.51 174 110 182 117
with_mask 0.51 154 112 166 120
with_mask 0.5 5 104 13 112
with_mask 0.49 169 127 185 144
with_mask 0.45 229 100 239 109
with_mask 0.44 351 114 362 125
with_mask 0.44 204 121 229 145
with_mask 0.43 63 100 73 109
with_mask 0.41 199 113 208 127
with_mask 0.4 277 100 284 108
with_mask 0.38 294 127 303 136
with_mask 0.38 379 110 391 121
with_mask 0.37 307 115 315 124
with_mask 0.32 148 107 154 114
with_mask 0.32 275 113 286 123
with_mask 0.25 71 122 85 134
without_mask 0.24 215 102 221 107
