with_mask 0.68 176 160 191 173
with_mask 0.67 232 147 246 162
with_mask 0.61 134 147 148 163
with_mask 0.56 201 196 220 217
with_mask 0.56 213 152 226 166
with_mask 0.56 123 182 136 191
with_mask 0.54 243 124 252 135
with_mask 0.54 192 178 208 197
with_mask 0.48 96 193 111 210
with_mask 0.47 201 114 210 124
without_mask 0.39 137 169 154 185
with_mask 0.39 206 129 214 139
with_mask 0.36 224 126 232 134
with_mask 0.3 28 186 49 203
with_mask 0.27 380 101 386 109
with_mask 0.23 287 107 295 115
without_mask 0.23 220 252 239 267
with_mask 0.23 160 175 170 190
